-- --------------------------------------------------------
-- Host:                         127.0.0.1
-- Server version:               8.0.35 - MySQL Community Server - GPL
-- Server OS:                    Win64
-- HeidiSQL Version:             12.6.0.6765
-- --------------------------------------------------------

/*!40101 SET @OLD_CHARACTER_SET_CLIENT=@@CHARACTER_SET_CLIENT */;
/*!40101 SET NAMES utf8 */;
/*!50503 SET NAMES utf8mb4 */;
/*!40103 SET @OLD_TIME_ZONE=@@TIME_ZONE */;
/*!40103 SET TIME_ZONE='+00:00' */;
/*!40014 SET @OLD_FOREIGN_KEY_CHECKS=@@FOREIGN_KEY_CHECKS, FOREIGN_KEY_CHECKS=0 */;
/*!40101 SET @OLD_SQL_MODE=@@SQL_MODE, SQL_MODE='NO_AUTO_VALUE_ON_ZERO' */;
/*!40111 SET @OLD_SQL_NOTES=@@SQL_NOTES, SQL_NOTES=0 */;


-- Dumping database structure for acco
CREATE DATABASE IF NOT EXISTS `acco` /*!40100 DEFAULT CHARACTER SET utf8mb4 COLLATE utf8mb4_0900_ai_ci */ /*!80016 DEFAULT ENCRYPTION='N' */;
USE `acco`;

-- Dumping structure for table acco.logic
CREATE TABLE IF NOT EXISTS `logic` (
  `logicid` int NOT NULL AUTO_INCREMENT,
  `adult` int DEFAULT '0',
  `roomtypeid` int DEFAULT '0',
  `optiontype` varchar(50) DEFAULT NULL,
  `bhktype1` int DEFAULT NULL,
  `bhktype2` int DEFAULT NULL,
  `bhktype3` int DEFAULT NULL,
  `noofrooms` int DEFAULT NULL,
  `bed` double DEFAULT '0',
  `Price` double DEFAULT '0',
  `totalamount` double DEFAULT NULL,
  `status` tinyint DEFAULT '1',
  PRIMARY KEY (`logicid`) USING BTREE
) ENGINE=InnoDB AUTO_INCREMENT=3125 DEFAULT CHARSET=utf8mb4 COLLATE=utf8mb4_0900_ai_ci;

-- Dumping data for table acco.logic: ~63 rows (approximately)
INSERT INTO `logic` (`logicid`, `adult`, `roomtypeid`, `optiontype`, `bhktype1`, `bhktype2`, `bhktype3`, `noofrooms`, `bed`, `Price`, `totalamount`, `status`) VALUES
	(101, 1, 1, 'R1', 1, 0, 0, 1, 0, 1599, 1599, 1),
	(102, 1, 1, 'O1', 0, 1, 0, 2, 0, 3198, 3198, 1),
	(103, 2, 1, 'R1', 1, 0, 0, 1, 0, 1999, 1999, 1),
	(104, 2, 1, 'O1', 0, 1, 0, 2, 0, 3199, 3199, 1),
	(105, 3, 1, 'R1', 1, 0, 0, 1, 1, 2349, 2349, 1),
	(106, 3, 1, 'O1', 0, 1, 0, 2, 0, 3199, 3199, 1),
	(107, 4, 1, 'R1', 0, 1, 0, 2, 0, 3199, 3199, 1),
	(109, 4, 1, 'O1', 0, 0, 1, 3, 0, 3999, 3999, 1),
	(110, 5, 1, 'R1', 0, 1, 0, 2, 1, 3599, 3599, 1),
	(111, 5, 1, 'O1', 1, 1, 0, 3, 0, 4798, 4798, 1),
	(114, 6, 1, 'R1', 0, 0, 1, 3, 0, 3999, 3999, 1),
	(115, 6, 1, 'O1', 1, 1, 0, 3, 1, 5198, 5198, 1),
	(118, 7, 1, 'R1', 0, 0, 1, 3, 1, 4399, 4399, 1),
	(119, 7, 1, 'O1', 1, 0, 1, 4, 0, 5598, 5598, 1),
	(123, 8, 1, 'R1', 1, 0, 1, 4, 0, 5998, 5998, 1),
	(124, 8, 1, 'O1', 1, 0, 1, 4, 0, 5998, 5998, 1),
	(127, 9, 1, 'R1', 1, 0, 1, 4, 1, 6348, 6348, 1),
	(128, 9, 1, 'O1', 1, 0, 1, 4, 1, 6398, 6398, 1),
	(131, 10, 1, 'R1', 1, 0, 1, 4, 1, 6748, 6748, 1),
	(132, 10, 1, 'O1', 0, 1, 1, 5, 0, 7198, 7198, 1),
	(136, 11, 1, 'R1', 0, 1, 1, 5, 1, 7598, 7598, 1),
	(137, 11, 1, 'O1', 0, 1, 1, 5, 1, 7598, 7598, 1),
	(141, 12, 1, 'R1', 0, 1, 1, 5, 2, 7998, 7998, 1),
	(142, 12, 1, 'O1', 1, 1, 1, 6, 1, 9597, 9597, 1),
	(145, 13, 1, 'R1', 1, 1, 1, 6, 2, 9597, 9597, 1),
	(146, 13, 1, 'O1', 1, 1, 1, 6, 1, 9597, 9597, 1),
	(150, 14, 1, 'R1', 1, 1, 1, 6, 1, 9997, 9997, 1),
	(151, 14, 1, 'O1', 1, 1, 1, 6, 2, 9997, 9997, 1),
	(155, 15, 1, 'R1', 1, 1, 1, 6, 3, 10397, 10397, 1),
	(156, 15, 1, 'O1', 0, 2, 1, 7, 1, 10797, 10797, 1),
	(160, 16, 1, 'R1', 0, 4, 0, 8, 0, 12796, 12796, 1),
	(161, 16, 1, 'O1', 1, 3, 0, 7, 3, 12396, 12396, 1),
	(164, 17, 1, 'R1', 0, 4, 0, 8, 1, 13196, 13196, 1),
	(165, 17, 1, 'O1', 1, 3, 0, 7, 3, 12796, 12796, 1),
	(169, 18, 1, 'R1', 1, 4, 0, 9, 0, 14795, 14795, 1),
	(170, 18, 1, 'O1', 0, 3, 1, 9, 0, 13596, 13596, 1),
	(174, 19, 1, 'R1', 1, 4, 0, 9, 1, 15195, 15195, 1),
	(175, 19, 1, 'O1', 0, 4, 0, 7, 3, 13996, 13996, 1),
	(179, 20, 1, 'R1', 0, 5, 0, 10, 0, 15995, 15995, 1),
	(180, 20, 1, 'O1', 0, 4, 0, 8, 4, 14396, 14396, 1),
	(184, 21, 1, 'R1', 0, 5, 0, 10, 1, 16395, 16395, 1),
	(185, 21, 1, 'O1', 0, 5, 0, 9, 4, 15995, 15995, 1),
	(189, 22, 1, 'R1', 0, 6, 0, 11, 0, 17994, 17994, 1),
	(190, 22, 1, 'O1', 0, 5, 0, 10, 2, 16795, 16795, 1),
	(194, 23, 1, 'R1', 0, 6, 0, 11, 1, 18394, 18394, 1),
	(195, 23, 1, 'O1', 0, 6, 0, 11, 3, 17594, 17594, 1),
	(199, 24, 1, 'R1', 0, 6, 0, 12, 0, 19194, 19194, 1),
	(200, 24, 1, 'O1', 0, 5, 0, 10, 5, 17595, 17595, 1),
	(204, 25, 1, 'R1', 0, 6, 0, 12, 1, 19594, 19594, 1),
	(205, 25, 1, 'O1', 0, 6, 0, 13, 0, 20793, 20793, 1),
	(209, 26, 1, 'R1', 0, 7, 0, 13, 0, 21193, 21193, 1),
	(210, 26, 1, 'O1', 0, 5, 1, 13, 0, 19994, 19994, 1),
	(214, 27, 1, 'R1', 0, 7, 0, 13, 0, 21593, 21593, 1),
	(215, 27, 1, 'O1', 0, 6, 0, 11, 5, 19994, 19994, 1),
	(219, 28, 1, 'R1', 0, 7, 0, 14, 0, 22393, 22393, 1),
	(220, 28, 1, 'O1', 0, 6, 1, 12, 7, 21593, 21593, 1),
	(301, 2, 2, 'R1', 1, 0, 0, 1, 0, 19999, 19999, 1),
	(302, 4, 2, 'R1', 0, 1, 0, 2, 0, 24999, 24999, 1),
	(303, 6, 2, 'R1', 0, 0, 1, 3, 0, 29999, 29999, 1),
	(3045, 29, 1, 'R1', 0, 6, 1, 12, 7, 21593, 21593, 1),
	(3046, 29, 1, 'O1', 0, 6, 1, 12, 7, 21593, 21593, 1),
	(3047, 30, 1, 'R1', 0, 6, 1, 12, 7, 21593, 21593, 1),
	(3048, 30, 1, 'O1', 0, 6, 1, 12, 7, 21593, 21593, 1);

/*!40103 SET TIME_ZONE=IFNULL(@OLD_TIME_ZONE, 'system') */;
/*!40101 SET SQL_MODE=IFNULL(@OLD_SQL_MODE, '') */;
/*!40014 SET FOREIGN_KEY_CHECKS=IFNULL(@OLD_FOREIGN_KEY_CHECKS, 1) */;
/*!40101 SET CHARACTER_SET_CLIENT=@OLD_CHARACTER_SET_CLIENT */;
/*!40111 SET SQL_NOTES=IFNULL(@OLD_SQL_NOTES, 1) */;
